100
2 53 28 57 47 52 56 50 58 37 63 56 76 99 34 99 78 18 62 27 66 65 21 88 9 67 45 47 11 33 1 7 74 47 33 81 43 89 7 12 28 2 84 96 72 33 21 9 20 57 35 69 43 73 8 52 96 41 21 4 53 2 95 94 50 12 34 19 20 95 94 27 15 4 65 47 53 91 74 70 14 85 49 94 22 80 74 73 25 84 46 82 85 9 84 76 27 59 86 51
12 97
1 3 4 7 10 12 15 16 18 19 20 22 23 24 29 30 32 35 36 40 41 44 46 49 50 53 57 59 60 62 63 64 66 69 70 73 75 76 77 78 79 81 82 84 87 89 91 92 95 96 97 99 100
1 5 8 11 14 18 21 23 30 32 39 46 58 60 63 66 67 68 70 72 74 78 79 83 92 94 95 99
1 2 4 5 6 7 8 10 11 12 13 19 21 22 24 25 26 27 28 29 33 36 37 38 44 45 47 49 51 53 54 55 56 57 58 59 60 61 63 66 70 76 79 81 82 83 84 85 86 87 89 91 92 93 95 96 99
3 6 7 8 10 14 16 17 20 23 24 29 30 32 33 35 36 39 40 41 42 44 45 47 48 49 50 51 53 65 66 69 74 75 77 79 81 83 84 86 87 88 89 90 93 99 100
1 2 3 5 6 7 10 14 17 18 19 21 22 24 25 27 28 31 32 33 34 36 40 41 42 47 50 52 55 57 58 62 63 65 67 68 71 74 75 77 80 81 82 83 84 85 87 88 92 93 98 99
1 3 4 7 8 12 13 14 15 16 17 18 21 22 24 26 27 28 30 31 33 34 35 37 38 39 42 43 46 47 48 49 50 51 56 59 62 64 66 68 69 71 73 74 76 79 80 82 83 84 86 88 93 97 99 100
2 4 8 15 16 20 21 23 27 28 30 31 32 35 36 37 38 39 42 46 49 51 54 56 57 59 61 64 65 67 68 70 71 72 73 75 76 77 78 85 86 87 88 90 92 94 95 97 98 99
2 4 5 6 7 8 9 10 12 16 19 24 25 26 28 31 34 35 36 37 39 40 43 44 45 46 49 52 54 55 56 57 58 59 61 63 64 66 67 68 69 70 72 74 75 76 78 79 80 82 87 89 90 92 94 95 98 100
3 4 6 7 10 11 13 14 16 23 24 27 29 31 33 34 35 39 40 43 51 52 54 58 59 63 66 72 76 79 81 86 88 92 94 95 100
4 5 6 9 10 11 12 13 14 15 17 18 20 21 23 24 25 26 30 31 32 33 35 37 38 40 41 42 43 44 45 46 47 49 50 51 53 56 57 58 59 60 61 62 64 65 69 72 73 74 76 77 79 82 86 88 89 90 92 93 97 98 99
1 2 3 5 6 9 12 18 22 23 25 26 27 28 29 30 32 34 36 38 39 41 44 45 46 47 49 53 54 55 57 58 61 64 65 67 68 70 71 73 75 78 80 81 82 84 86 87 88 89 91 93 96 98 99 100
1 2 3 4 5 6 7 8 9 10 11 12 13 14 15 16 17 19 20 21 22 23 25 26 28 30 31 32 33 35 36 38 39 40 41 42 43 44 45 46 47 49 50 51 52 54 55 56 57 58 60 61 62 63 65 66 67 69 73 74 75 76 79 80 82 83 84 85 91 92 93 95 96 97 99 100
1 2 3 4 5 6 7 8 9 10 11 12 13 15 16 17 18 19 20 21 22 23 24 25 26 27 28 29 30 31 32 33 34 35 36 37 38 39 40 41 42 43 44 45 46 47 48 49 50 51 52 53 54 55 56 57 58 59 60 61 62 63 64 65 66 67 68 69 70 71 72 73 74 75 76 77 78 79 80 81 82 83 84 85 86 87 88 89 90 91 92 93 94 95 96 97 98 99 100
1 4 13 14 15 20 26 28 29 32 33 34 37 38 39 41 46 48 50 51 53 54 59 60 61 73 75 84 86 88 96 97 99 100
1 2 3 4 5 6 7 8 9 10 11 12 13 14 15 16 17 18 19 20 21 22 23 24 25 26 27 28 29 30 31 32 33 34 35 36 37 38 39 40 41 42 43 44 45 46 47 48 49 51 52 53 54 55 56 57 58 59 60 61 62 63 64 65 66 67 68 69 70 71 72 73 74 75 76 77 78 79 80 81 82 83 84 85 86 87 88 89 90 91 92 93 94 95 96 97 98 99 100
1 2 3 5 6 7 8 9 10 11 12 13 14 15 16 17 19 20 21 22 24 25 26 27 29 32 33 34 36 37 38 41 42 44 45 46 47 48 50 51 53 55 57 58 59 60 61 63 64 65 66 67 68 69 70 72 73 74 77 79 80 81 82 83 84 85 86 88 89 90 91 92 93 94 95 97 98 99
3 6 13 15 16 19 42 55 63 72 74 75 81 82 85 90 91 94
2 3 5 6 12 13 14 17 18 19 20 23 25 26 27 30 31 33 34 35 36 37 38 39 41 42 43 45 46 47 49 50 51 52 53 54 55 56 57 59 60 61 65 68 69 70 73 77 78 80 81 84 85 88 90 92 94 96 97 98 99 100
3 9 12 14 15 22 25 32 35 36 42 50 53 55 59 64 67 72 73 75 83 87 88 91 93 96 97
7 8 9 10 13 15 16 17 18 19 20 21 22 24 25 26 27 28 29 31 33 35 36 40 41 45 47 48 51 52 54 56 57 58 59 63 64 66 67 69 70 71 72 73 74 76 77 78 79 80 82 83 84 85 86 87 90 92 93 94 95 96 97 98 99 100
1 2 4 6 7 8 9 11 12 13 14 15 19 21 22 24 25 26 27 28 29 30 32 33 34 35 38 39 40 41 47 49 51 52 53 58 59 60 62 64 65 67 70 73 74 75 76 77 79 80 81 82 83 84 85 86 87 88 89 90 91 92 93 95 100
1 10 16 20 26 34 36 39 43 55 60 64 66 67 68 71 80 81 86 87 91
1 2 3 4 5 6 7 8 9 10 11 12 13 14 15 16 17 18 19 20 21 23 24 25 26 27 28 31 32 33 34 35 36 37 38 39 40 42 43 44 45 46 47 48 49 50 51 52 53 56 57 58 59 60 61 62 63 64 65 66 67 68 69 70 72 73 74 75 76 77 78 79 80 81 82 83 84 85 86 87 89 90 92 93 95 96 97 99
9 12 27 44 47 51 59 67 70
1 2 3 4 7 9 10 12 16 17 18 19 20 21 23 25 29 30 31 32 33 34 35 38 39 41 42 43 44 45 46 47 50 51 53 56 57 58 59 60 62 63 64 66 67 68 69 70 71 73 75 77 78 79 81 82 83 84 85 86 87 89 94 95 96 99 100
1 6 8 11 12 13 15 16 17 18 21 22 24 25 29 30 32 34 39 44 47 49 50 55 56 57 60 61 62 64 65 66 67 68 72 78 79 81 83 84 85 93 96 97 100
2 4 6 7 9 11 12 15 17 22 24 25 27 30 31 32 33 35 37 38 39 40 44 45 47 48 49 54 56 57 63 67 71 75 77 78 79 80 82 83 86 91 93 94 96 97 99
8 35 49 51 61 64 68 73 82 85 97
2 3 6 7 9 12 13 19 24 27 29 32 36 43 44 48 49 51 53 57 59 60 62 65 69 70 81 86 87 90 96 97 99
10
8 30 40 63 79 90 98
3 4 5 6 7 8 9 12 13 14 15 16 18 19 20 22 23 24 25 26 27 28 31 32 33 34 37 38 39 40 41 44 46 47 48 50 51 52 53 54 55 57 58 59 60 61 62 63 64 67 69 72 73 74 76 77 78 79 81 82 83 84 85 86 88 91 92 93 94 95 96 97 99 100
1 2 3 6 9 12 13 14 15 17 18 19 20 23 24 26 27 28 30 31 32 33 34 39 42 44 48 55 56 57 61 62 63 66 68 71 74 75 79 80 83 85 87 89 94 98 100
1 3 5 7 8 10 12 17 20 21 27 33 34 36 46 50 51 57 58 63 70 72 76 79 80 83 86 88 89 93 96 98 99
1 2 4 5 6 7 8 9 12 13 14 15 16 17 20 21 22 23 24 25 26 27 28 29 30 32 33 34 35 36 37 38 39 41 42 43 44 45 46 48 49 50 53 55 56 57 58 59 61 62 64 65 66 68 69 70 71 73 74 75 77 78 79 80 81 83 84 85 87 88 89 90 91 92 93 94 95 97 98 99 100
1 2 5 6 8 11 12 14 19 24 27 28 30 32 34 36 37 40 43 46 47 48 51 53 54 59 68 69 71 74 76 78 83 84 88 89 90 93 95 96 97 98 99
1 2 3 4 5 6 7 8 9 10 11 12 13 14 15 16 17 18 19 20 21 22 23 25 26 27 28 29 30 31 32 33 34 35 36 37 38 40 41 42 43 44 45 46 48 49 50 52 53 54 55 56 57 58 59 60 61 63 64 65 66 67 68 69 70 71 73 75 76 77 78 79 80 81 82 83 84 85 86 89 90 91 92 93 95 96 98 99 100
11 15 17 37 48 76 97
10 11 12 15 18 27 28 66 78 80 82 90
7 10 19 20 23 25 28 29 39 40 42 47 50 51 53 54 59 62 66 67 81 82 84 85 90 92 95 99
34 90
1 2 3 4 5 6 7 8 9 10 11 12 13 14 15 16 17 19 20 21 22 23 25 26 27 28 29 30 31 32 33 34 35 36 37 38 39 40 41 42 43 44 45 46 47 48 49 50 52 53 57 58 59 60 62 63 64 65 66 67 68 69 70 71 73 74 75 76 78 79 80 82 83 85 86 87 90 91 92 95 96 97 98 99
1 2 3 4 5 6 7 8 9 10 11 13 14 15 16 17 18 19 20 21 22 23 24 25 26 27 28 30 31 32 33 34 35 36 37 38 39 40 41 42 43 44 45 46 47 48 49 50 51 52 53 54 55 56 57 58 59 60 61 62 63 64 65 67 68 69 70 71 72 73 74 75 76 77 78 79 80 81 82 83 84 85 86 87 88 89 90 91 92 93 94 95 96 98 99 100
1 2 4 5 7 8 9 10 11 12 13 15 17 19 20 21 22 23 24 27 28 30 31 32 33 34 35 36 37 38 39 40 41 43 49 50 52 54 56 57 59 62 63 64 66 69 70 71 72 73 74 75 76 78 80 81 82 84 85 86 88 89 90 91 92 93 94 95 96 97 99 100
1 3 9 11 12 13 14 17 19 22 24 25 27 30 35 39 41 43 47 57 58 60 64 77 80 81 86 88 89 93 94 96 98
4 7 10 16 20 22 27 36 41 42 43 48 51 56 57 64 66 67 78 83 93
5 37 49 52 57 62 68 97 99
18 20 30 34 35 36 40 41 43 44 45 46 58 60 62 68 71 76 80 83
3 5 8 10 11 12 13 14 19 20 22 24 26 27 28 30 31 33 34 38 39 40 42 43 45 47 48 51 52 53 56 57 58 59 60 65 67 68 69 70 71 72 73 75 76 79 81 83 84 86 88 90 92 93 95 97 99
6 7 8 9 10 11 12 17 18 21 23 24 25 30 33 35 40 43 54 56 57 59 65 67 73 74 75 83 84 88 90 91 93 97 100
1 2 3 4 6 7 8 9 10 12 13 14 15 16 17 19 20 22 23 24 26 27 28 29 30 33 34 37 38 41 42 44 45 46 47 48 50 53 56 60 61 62 63 64 67 70 71 72 73 74 75 76 77 78 79 81 82 84 86 87 88 89 90 91 92 94 96 97 100
1 6 7 8 9 12 18 21 22 26 32 34 36 37 41 42 45 47 49 51 52 55 56 57 63 64 66 67 70 74 75 76 77 78 80 83 84 90 91 92 94 99 100
2 3 4 5 6 9 10 12 13 15 16 17 19 20 21 22 23 24 25 27 28 31 32 34 37 40 41 42 44 45 46 47 49 50 51 52 54 56 57 58 59 60 61 62 63 64 65 66 67 68 69 70 72 73 74 75 76 79 80 82 83 85 86 87 91 92 93 94 95 96 97 98 100
26 32 37 60 71 72 91 92
5 7 8 10 13 15 16 18 19 20 24 26 27 29 33 34 35 37 38 39 40 41 42 43 45 46 53 54 56 57 59 61 62 63 64 66 68 69 70 71 74 75 80 81 82 84 86 87 90 92 95 98
1 2 3 4 5 6 7 8 9 10 11 12 13 14 15 16 17 18 19 20 21 22 23 24 26 27 28 29 30 31 32 33 34 35 36 37 38 39 40 41 42 43 44 46 47 48 49 50 51 52 53 54 55 56 57 58 59 60 61 62 63 64 65 66 67 68 69 70 71 72 73 74 75 76 77 79 80 81 82 83 84 85 86 87 88 89 90 91 92 93 94 95 96 97 98 99
1 5 7 8 9 12 15 19 24 27 28 32 33 39 44 46 48 49 52 56 58 59 62 64 65 66 67 68 72 75 78 79 81 83 85 89 90 94 95 98 99
7 8 11 20 30 35 36 38 43 44 50 52 68 69 70 78 79 84 89 90 92
5 13 46 52
2 3 5 8 9 11 14 15 16 18 19 21 22 25 26 27 28 29 30 31 32 34 38 39 40 42 44 45 46 47 49 51 52 58 59 60 63 66 68 72 75 77 78 79 80 81 87 91 93 94 95 96 99
18 92
1 2 3 4 5 6 7 8 9 10 11 12 13 14 15 16 17 18 19 20 21 22 23 24 25 26 27 28 29 30 31 32 33 34 35 37 38 39 40 41 43 44 45 46 47 48 49 50 51 52 53 54 55 57 58 59 60 61 62 63 64 65 66 67 68 69 70 71 72 73 74 76 77 78 79 80 82 83 84 85 86 87 88 89 90 91 92 93 94 95 96 97 98 99 100
1 2 4 6 7 8 9 10 11 13 14 15 16 17 18 19 20 21 22 23 24 25 26 27 28 29 30 31 32 33 34 35 36 37 38 39 40 41 42 43 44 45 46 47 49 50 51 52 53 54 56 57 58 59 60 61 62 63 64 65 66 67 68 69 70 71 72 73 74 75 76 77 79 80 81 82 83 84 85 86 87 88 89 90 91 92 93 94 95 96 97 98 99 100
6 7 8 9 11 12 13 14 16 18 19 22 25 28 30 31 35 36 40 41 42 43 45 52 53 57 58 59 63 64 67 68 71 73 74 75 76 77 79 80 81 83 87 90 91 94 95 98 99 100
6 25 45 47 52 58 61 67 76 95 98 99
9 13 14 15 16 25 29 31 32 34 38 39 44 45 46 53 54 55 56 59 60 70 75 76 83 84 85 89 92 94 96 98 99 100
1 9 11 17 25 36 37 38 45 47 48 51 52 54 72 83 86 93 98
1 4 5 6 13 30 31 34 37 43 46 50 55 61 62 64 67 73 80 87
1 2 3 4 5 6 7 8 9 10 11 12 13 14 15 16 17 18 19 20 21 22 23 24 25 26 27 28 29 30 31 32 33 35 36 37 38 39 40 41 42 43 44 45 46 48 49 50 51 52 53 54 55 56 57 58 59 60 61 62 63 64 65 66 67 68 71 72 73 74 75 76 77 78 79 80 81 82 83 84 85 87 88 89 90 91 92 93 94 95 96 97 98 99 100
1 2 3 4 5 6 7 8 9 10 11 12 14 15 16 17 18 19 20 21 22 24 25 26 27 29 30 31 32 33 34 35 36 37 38 39 40 41 42 43 44 46 47 48 49 50 51 52 53 54 55 56 57 58 59 60 61 62 63 64 65 67 68 69 70 71 72 73 74 75 76 77 78 79 80 81 82 83 84 85 86 87 88 89 90 91 92 94 95 96 97 98 99 100
4 6 7 13 14 15 17 18 24 39 41 51 53 54 57 58 71 73 74 75 78 79 84 87 94 96 99
3 36 42 46 50 51 52 57 61 66 71 81 84 86 98
4 77 87 99
1 3 4 5 7 8 9 10 11 12 13 14 15 16 18 20 21 22 24 25 26 28 30 32 33 35 37 40 42 44 45 48 49 50 51 52 53 54 56 57 59 60 61 63 64 65 66 67 70 73 75 76 77 80 81 84 86 88 89 92 93 94 95 99 100
2 3 7 8 9 12 14 18 21 23 25 27 28 30 31 32 33 35 36 38 40 42 44 46 47 48 49 54 55 58 59 61 62 63 67 68 70 72 73 79 81 89 90 91 93 98 100
1 2 3 4 5 9 10 14 15 19 20 21 23 24 25 26 29 31 32 36 38 40 42 44 46 48 49 50 52 55 56 57 60 61 64 66 68 69 71 72 73 75 78 80 84 86 90 91 92 94 96 97 98
1 2 3 4 6 8 9 10 11 12 14 15 16 17 18 19 20 21 22 23 24 26 27 28 30 31 32 33 34 35 36 37 38 39 42 43 44 45 46 47 48 49 50 51 52 53 54 55 56 57 58 59 60 61 62 63 65 66 67 68 69 70 71 72 73 74 75 76 77 78 79 80 81 82 83 84 85 86 87 88 89 90 91 92 93 94 95 96 97 99 100
1 2 3 4 5 6 7 8 10 11 12 14 15 16 17 18 20 21 23 26 29 30 31 32 33 34 35 36 37 39 41 42 43 44 46 48 50 51 52 53 54 55 58 59 60 62 63 64 65 66 67 68 69 70 72 74 75 77 78 80 81 82 83 85 87 91 92 93 94 95 97 98 99 100
1 6 7 8 10 11 12 14 15 16 18 20 23 24 27 28 29 30 31 33 34 35 36 37 39 40 41 42 43 44 45 48 50 51 52 53 54 55 56 57 59 60 61 62 64 65 66 67 70 72 73 74 75 76 79 80 81 82 84 86 87 88 90 91 93 94 95 96 97 98
2 7 19 27 29 30 47 48 73 78 89 93 99 100
2 3 5 6 7 8 9 10 11 12 13 14 15 16 17 18 19 21 22 23 24 25 26 27 28 29 31 32 33 34 35 36 37 38 39 40 41 43 45 46 47 49 50 51 52 54 55 56 57 58 59 60 61 62 63 64 65 66 67 68 69 70 71 72 75 77 78 79 80 82 83 85 86 87 89 90 91 93 94 95 96 97 98 99 100
2 3 5 6 8 9 12 14 16 19 22 23 27 29 33 34 35 37 38 40 41 44 45 48 50 52 53 55 56 57 61 62 63 64 65 66 68 71 73 75 76 80 81 94 95 96 98 99 100
1 2 3 4 5 6 7 8 9 11 12 13 14 15 16 17 18 19 20 21 22 23 24 25 26 27 28 29 30 31 32 33 34 35 36 37 38 39 40 41 42 43 44 45 46 47 48 49 50 51 52 54 55 56 57 58 59 60 61 62 63 64 65 67 68 69 70 71 72 73 75 77 78 79 80 81 83 84 85 86 87 88 89 90 91 92 93 94 95 96 97 98 99 100
2 3 4 6 9 14 20 26 35 40 42 43 52 55 60 64 66 67 79 82 96 100
1 2 3 4 5 6 7 8 9 11 12 13 14 15 17 18 19 20 21 22 23 24 25 27 28 30 31 33 34 36 37 39 40 41 42 43 45 46 47 49 52 53 54 55 56 57 58 59 60 62 63 64 66 67 68 69 70 71 72 73 74 75 76 77 81 82 83 84 85 86 88 89 90 91 92 95 97 98 99 100
2 3 4 5 6 7 9 10 11 14 15 16 17 19 20 21 22 24 26 28 29 31 32 33 34 36 38 39 40 41 42 43 44 45 46 48 50 52 53 54 55 56 57 58 59 60 63 64 66 67 69 71 72 73 74 76 77 78 81 82 83 84 86 87 88 89 90 91 93 95 97 98 99 100
4 5 6 7 8 9 10 12 14 16 17 18 19 20 21 22 23 24 25 26 27 29 30 31 32 33 36 37 39 42 44 45 46 47 48 49 50 54 55 57 59 60 61 62 64 66 67 68 69 70 71 73 74 75 76 77 78 79 80 82 83 85 86 87 88 89 92 94 96 97 98 99 100
5 9 13 19 20 21 36 39 41 43 48 50 51 55 61 65 74 79 80 85 86 92 97 99 100
2 3 4 5 6 7 8 10 11 13 15 16 17 18 19 20 21 22 23 24 25 28 29 30 31 33 34 35 36 37 39 40 41 42 43 44 45 46 47 48 49 50 51 52 53 54 57 58 59 61 63 64 66 67 68 69 70 71 72 73 74 75 76 77 78 80 81 82 83 84 86 87 88 89 90 91 92 93 94 95 97 98 99 100
4 7 8 11 13 15 16 18 21 22 28 32 37 38 39 40 42 44 46 48 54 56 60 61 65 66 68 69 70 71 73 75 77 78 80 82 84 87 88 89 90 93 96 97 98 100
1 2 3 4 6 8 9 10 11 13 14 15 16 17 19 22 24 25 26 27 28 29 30 31 32 33 34 35 37 38 39 40 42 43 44 45 46 47 49 50 51 52 53 54 55 56 57 58 61 62 64 65 66 67 68 69 72 73 74 75 77 78 79 80 81 82 84 85 86 87 89 90 91 92 93 94 95 96 97 98 99 100
1 3 4 5 7 9 10 11 12 13 14 15 16 18 19 20 21 22 23 25 27 28 29 30 31 32 33 34 36 37 38 39 40 41 42 43 44 45 46 47 48 49 50 51 52 54 55 56 57 58 59 60 62 63 64 65 66 67 68 69 70 71 72 73 74 76 77 78 79 80 81 82 83 84 86 87 88 89 90 92 95 96 97 98 100
9 24 27 30 37 48 64 89 92
1 2 3 5 7 8 9 11 13 14 15 16 17 18 19 20 21 22 23 24 25 26 28 29 30 31 32 33 34 35 36 37 40 41 42 43 44 45 46 47 48 50 52 53 55 57 58 60 61 63 64 65 66 67 68 69 70 71 72 73 75 76 77 78 79 80 81 82 83 84 85 86 87 88 90 91 92 93 94 95 96 97 98 99
2 3 5 6 7 8 10 12 13 14 16 18 23 24 25 26 27 28 29 31 32 34 36 37 38 39 40 41 42 43 44 45 46 47 48 49 50 51 53 55 56 58 59 60 61 62 63 64 65 66 67 68 69 70 71 73 74 75 76 77 78 79 80 82 83 85 86 87 88 89 90 92 95 96 98 100
5 7 19 21 24 26 29 31 33 36 37 43 48 50 51 52 55 60 68 70 73 77 78 79 85 87 94
1 4 5 7 8 9 10 12 15 17 20 21 23 24 25 26 27 29 31 32 33 34 36 38 39 40 41 42 44 45 46 48 52 53 54 58 59 60 63 66 69 70 72 73 74 76 77 79 80 83 84 85 86 87 92 93 94 96 100
1 2 4 5 6 7 8 9 10 11 12 13 14 16 18 19 20 21 22 23 24 25 26 27 28 29 30 31 33 35 36 38 39 40 41 42 43 45 46 47 48 49 50 51 52 53 54 57 58 59 60 61 62 64 65 67 68 69 71 72 73 74 75 76 77 78 80 81 82 83 84 85 86 87 88 89 90 91 92 93 94 95 97 98 99 100
1 2 7 8 10 13 14 16 18 20 21 22 23 26 31 32 34 36 37 42 43 44 49 50 51 52 53 54 55 60 61 66 67 69 72 73 74 75 76 77 78 79 81 82 85 87 90 91 94 98 100
37 51 -58 -60 -67 -88 23 -87 28 93 -36 -74 24 -84 37 1 -96 -54 -86 20 18 -84 -100 5 54 16 -89 -50 -68 -73 -49 83 -41 12 -98 -2 -96 99 81 79 25 68 93 -36 73 -62 43 3 -15 -40 -6 68 -94 61 -38 12 -13 50 -8 14 -72 -31 -14 -31 -56 86 -97 -91 52 42 86 -56 72 -89 44 34 -10 -98 -44 48 -33 83 -70 50 -40 100 -67 36 -44 -92 -11 -52 66 -6 -25 25 38 1 -72 -34
-54 19 76 98 9 -64 -65 -7 -31 45 0 -21 35 -97 -59 74 -91 -24 17 -10 -24 -36 -20 -9 -20 77 -64 37 46 -50 5 -21 -27 29 -98 -69 -11 -38 31 81 17 -98 -22 28 12 2 -69 -90 4 -25 -5 -30 -51 63 -36 44 -58 -37 -89 -32 -11 -85 52 97 -64 -50 -45 -26 36 30 -90 25 22 81 -96 96 -38 -44 -56 83 -98 -83 -2 -99 -38 18 -26 96 -22 12 58 66 -79 64 -57 -5 -10 -78 17
-56 -21 46 93 -12 -97 -21 9 -94 -38 -22 20 6 -71 7 91 -67 85 27 14 -90 -84 -11 -46 -34 -92 -25 31 52 -24 37 43 25 -58 25 -3 16 23 -42 -4 -2 43 -66 60 51 -93 28 81 78 -38 94 9 -32 -93 -14 -33 67 -28 -17 23 -14 -10 95 36 89 -9 30 -53 9 77 -12 42 -78 7 88 -77 -98 73 -32 -91 -28 45 64 73 87 -93 -59 75 83 55 -22 -56 -33 10 -11 0 30 93
38 -85 99 -31 27 14 73 74 13 35 43 -78 -13 34 -42 -55 -4 -83 36 -59 -64 67 -78 29 -68 57 -7 49 97 25 -65 53 -48 -36 -74 -52 -42 -50 3 98 79 -40 -4 -57 94 85 65 36 55 -71 -35 -9 100 -26 -60 42 -6 45 -16 12 86 -83 79 53 -75 35 59 -22 -25 -74 91 -29 -86 14 -98 -63 19 -95 -84 -33 -80 38 27 64 78 59 81 -63 82 81 86 65 45 -87 34 -83 -44
-12 -90 -100 -76 -32 72 -45 48 84 -74 19 -27 -99 -6 18 90 1 -13 -31 23 -69 4 73 -27 97 78 4 59 68 94 -39 -37 -39 51 -45 74 -52 7 43 -43 -21 37 -45 59 -63 83 -81 -10 -56 81 -79 -31 -18 12 25 71 10 8 31 47 20 100 20 -16 82 73 -63 45 91 -43 -10 -61 -43 -98 89 -61 -75 58 -27 91 -4 15 33 -89 50 74 -94 83 23 -78 -66 49 -42 55 1 36
30 37 -92 57 37 -59 -20 -67 -67 13 54 -84 23 67 -37 -92 4 97 -82 -50 -46 77 17 78 4 28 26 44 92 -43 -26 -97 -43 71 20 27 66 -64 -24 -43 -2 -67 29 -7 -65 54 -85 -28 -92 -63 -19 -8 95 64 92 11 -36 6 32 -95 98 -22 27 -45 -30 90 -45 25 46 -27 -53 79 5 86 50 -37 82 -42 -6 -16 -72 30 -4 78 61 -77 -4 20 -39 87 65 38 83 75 -29
94 -95 97 80 27 42 -51 14 41 -31 21 36 -59 -33 -49 -24 -70 -80 -55 -53 71 -42 90 -56 51 14 -36 58 22 -46 -71 14 32 -7 53 -69 1 46 29 71 -26 -82 97 -43 50 -53 -29 -10 49 -3 30 14 73 88 14 0 -97 51 -42 -17 42 7 -30 30 5 -99 70 19 52 -85 68 7 -44 -24 -80 7 -98 -67 -11 40 36 5 -6 -91 -40 59 -26 -52 83 10 86 39 -90 62
38 -74 -10 -59 -10 -1 -40 44 28 -60 -25 -19 -21 -43 64 -1 52 26 -41 -36 -78 -17 93 71 -96 -91 96 -38 67 -39 87 -5 59 13 -14 8 5 18 39 -90 -65 -43 -79 -56 65 65 60 84 77 -64 0 -15 -23 14 -61 7 -31 26 0 70 82 -55 45 -85 -30 -68 99 33 -95 44 95 -58 3 12 40 -36 -61 16 87 24 -50 -6 9 -92 -96 99 31 62 43 -68 85 13 54
46 62 -4 -72 -61 63 56 -61 -6 -12 79 -15 -39 -70 -65 -76 92 49 -76 -45 -40 24 -91 -5 10 -12 -3 -36 -48 -14 -92 -20 1 -9 29 95 33 -44 16 -97 6 -87 38 -16 5 22 88 -73 -63 -48 -21 44 -86 91 79 -7 -21 -52 -52 31 -43 -71 60 -32 78 85 60 -61 -46 62 99 -30 -90 -10 81 -89 -79 -41 -80 -91 56 95 61 -94 -30 -23 31 -86 39 67 35 -1
68 5 -87 -25 -12 -3 63 -54 -36 81 -57 82 -69 -15 -42 -91 -49 58 -51 -66 -3 74 0 -30 49 -94 50 3 72 71 4 7 -67 -99 -4 -72 30 -75 -48 45 -91 -25 -9 -70 -20 31 85 82 84 42 100 -65 -73 -54 -6 62 -92 -58 -63 -91 -55 50 99 -56 20 70 1 91 -83 -30 -8 -42 84 -25 -50 -70 45 -75 -52 52 23 43 -99 32 12 44 86 -5 54 -54 -27
-16 87 76 -27 10 -99 26 64 82 5 -93 -83 -9 4 -98 -27 61 -11 -43 26 75 82 -30 -95 -28 27 -93 -46 -20 -54 81 -92 -22 -66 78 45 28 75 42 -51 -37 -64 87 51 -22 98 30 -43 -85 -93 -96 -75 -93 91 18 8 15 -25 17 36 -21 27 52 30 29 -60 88 -98 53 29 96 -71 16 -13 41 -23 -8 -78 -51 74 20 -45 -8 -88 80 24 -100 99 1 -79
-78 -94 -74 -76 -50 21 -37 -53 93 -6 -18 -74 -60 -89 60 9 19 62 60 -19 95 95 63 -35 -46 -58 1 92 47 -50 60 -13 -11 -75 -10 -79 51 54 -97 9 -18 -87 11 -75 -12 -69 78 -89 77 -14 -29 -54 -8 -81 -23 -100 99 15 99 -15 8 46 75 -50 -16 -18 -26 -66 -37 79 -19 -14 10 -51 38 -92 75 95 90 -68 79 97 40 98 -95 -7 -71 -49 50
-10 -99 57 -67 63 21 -98 96 -60 57 31 15 61 -41 -85 31 47 87 49 49 30 47 23 64 82 80 -51 -11 52 -55 100 -24 97 70 86 -84 -93 81 99 -16 -11 -59 64 81 -60 5 13 -48 -60 16 23 -6 9 69 -92 -28 35 -18 54 -51 -55 -10 78 -64 -17 -15 -27 -29 -11 -78 69 -4 86 -65 21 -38 97 -80 12 87 88 -64 51 59 91 36 -68 -27
-35 -86 53 -20 40 19 74 67 44 -37 19 20 39 -8 34 53 97 22 -93 62 76 -81 -84 48 22 -25 53 5 68 17 -71 -87 -57 71 -49 -42 -15 10 94 38 -88 68 96 63 71 -55 -75 78 58 2 88 74 -45 -66 -36 48 77 0 -46 -12 -4 84 13 27 89 -2 56 -3 -72 33 -14 -4 27 51 -31 20 -16 87 -73 79 47 12 13 -83 90 63 15
16 -58 -50 14 -57 74 -89 -52 63 -40 41 -52 -68 -38 2 49 41 -3 -9 -47 32 19 27 11 36 -72 13 -6 -49 -54 94 59 65 48 80 39 47 -51 -77 84 -89 69 -20 -86 -22 -82 -31 -74 51 -84 30 -36 89 25 79 -59 11 -28 -19 73 81 -31 35 -59 64 -79 -47 -63 -29 -78 -31 -42 -100 -33 -41 -39 -98 -68 30 3 90 -52 -72 -14 93 59
-84 -96 -1 -3 -34 58 -95 69 -43 44 -80 44 -68 97 18 62 28 95 83 20 -3 14 -76 26 76 -77 -37 41 -23 17 9 38 -31 -61 -23 23 -5 -77 -57 15 82 -4 -58 67 -47 -66 53 66 -20 59 -76 -37 25 59 -26 20 19 53 -31 61 52 85 -59 -64 41 -6 62 -17 18 11 -71 77 -76 31 -18 -86 88 -91 87 -52 80 49 7 -82 -78
-83 -9 60 71 22 -90 25 15 78 -55 -83 -10 -89 36 -49 87 -63 67 -25 -49 -1 -45 -67 -40 -68 -80 78 -90 -46 49 9 -46 -23 68 26 53 -55 84 -17 9 17 -40 38 -93 -57 -100 -20 53 -58 12 84 8 -2 2 46 -20 -6 78 39 -98 -18 -23 -66 37 -1 -40 -9 -56 -88 0 19 -38 -86 77 36 73 -21 -37 -89 -8 20 27 54 -32
52 44 -73 45 -38 -17 -62 -27 -75 -62 55 -96 94 48 19 82 90 -51 45 -80 -23 44 -66 -44 74 -4 78 -89 -19 47 -32 -45 28 2 70 -100 -100 -14 -55 -51 -31 -20 -27 97 -58 69 -71 0 -10 -64 -98 23 -87 -61 79 87 -30 -83 67 -80 81 -43 -65 58 -79 100 92 49 -14 82 -18 53 -32 -52 -46 -87 -85 -92 36 -73 -34 -28 -95
44 86 4 48 -11 -92 -23 -72 -68 17 -91 -22 35 70 35 -2 16 40 82 -29 5 59 -59 -85 -96 -96 -86 -79 -9 -77 -36 -48 -12 -72 -100 -21 47 -14 24 96 -5 -37 97 -27 -62 66 -77 -21 -41 89 -93 -66 -77 -25 16 34 -85 -43 -2 -40 71 21 12 78 99 -25 -25 41 -67 29 -59 88 -57 50 -74 -61 97 -37 -100 -39 -72 -73
72 80 51 -81 13 6 6 -26 -78 -77 -75 62 98 33 -88 21 19 14 23 -41 76 9 17 13 -71 -100 -82 -52 -43 29 -59 -91 -18 -57 -22 27 -86 -55 -56 44 -49 -31 -44 88 93 -54 -74 13 -23 -26 -68 100 -97 56 52 77 84 -92 -1 -8 12 8 -70 75 32 -75 62 90 82 68 31 -52 -25 -4 -15 40 -74 70 -64 -66 4
-58 -5 23 63 -3 23 -27 -73 46 -4 43 30 38 -46 -53 -66 13 17 100 -85 -70 55 -45 -12 58 80 -19 13 -39 65 -2 9 -72 49 -95 66 -89 -67 -1 97 98 -21 -40 -17 73 51 -39 1 -4 48 2 11 -64 45 -44 -34 63 36 8 -12 -69 -77 6 5 -2 -62 100 50 -77 27 20 -88 80 -73 -19 8 -90 -27 -75 -79
94 96 67 99 -8 -48 12 84 -54 86 -94 -13 -78 -62 -53 66 47 52 37 33 26 -25 -29 5 -83 29 89 -38 87 -30 -10 -52 98 -68 79 -46 -54 -60 -83 23 -96 -91 -24 -17 -63 -94 61 5 80 26 -81 99 -91 -76 -55 90 69 28 12 73 65 -35 -87 82 73 54 43 36 5 -48 3 -67 36 14 71 -2 75 -23 -51
48 23 -25 -92 24 19 -3 -19 -80 -64 -73 -100 -47 16 82 26 40 -10 -99 -30 -8 -6 34 96 10 1 -54 56 -97 62 -85 -31 88 100 -52 -26 -66 33 9 62 -14 85 -85 -28 -38 97 47 30 55 9 55 -97 -97 7 -16 -12 28 -4 -48 51 88 87 -92 67 99 -85 82 9 21 43 38 -70 -2 -31 49 85 -75 62
94 75 -12 31 73 -22 -57 -50 61 -3 -3 -87 63 83 6 10 -5 68 -24 19 -66 -49 -20 70 -18 59 1 -36 -4 -70 -59 72 28 -12 -4 32 46 1 -93 -32 -38 81 -79 19 87 51 4 80 90 -52 49 23 25 7 -49 86 -90 -10 15 -58 87 -99 62 -22 12 -59 -91 34 84 35 -61 97 -33 38 -25 -4 -96
-14 -37 -84 -24 38 -62 -92 29 -30 -81 72 45 -15 99 -9 -70 75 -8 -49 -72 21 16 23 -18 73 -73 -97 83 -72 88 -66 -81 91 -31 30 11 -30 93 83 -44 7 38 8 -58 97 -75 -86 -32 84 -91 35 -11 -100 28 -44 47 -15 -44 -89 93 -35 63 -90 57 54 21 59 38 73 -77 9 -14 -79 23 60 -52
-28 8 -75 -76 -12 -71 -80 -48 -52 40 -75 20 92 -78 100 -4 -87 -29 73 89 63 -5 51 -13 -44 77 77 75 43 -90 2 88 -54 19 11 41 47 -10 -84 97 65 54 44 17 52 39 40 -24 -84 -35 -48 86 5 79 -73 -29 -75 27 77 11 -40 -88 -80 -9 -54 68 3 80 58 -93 69 -56 95 -95 29
-91 -19 78 1 -100 -39 -36 -56 42 -88 39 -71 84 -3 -68 38 31 49 41 70 24 98 81 66 -99 69 81 -8 -84 78 17 33 100 94 97 -26 -66 85 -95 -85 -86 -94 41 4 -61 -63 -72 -12 -87 -82 -42 21 29 -61 -91 -31 -2 4 -43 8 -29 78 91 87 1 50 -25 -99 -77 37 -33 -87 -15 -66
69 -54 13 -24 -8 -74 -76 -35 48 31 68 36 -15 -43 -51 -48 14 25 -3 95 -1 -95 17 -59 9 -40 -49 2 43 -85 -52 -90 12 21 86 -99 9 43 78 43 58 34 -97 -80 8 -76 -21 84 2 -11 -63 16 -84 -52 94 17 -24 71 80 -11 -41 64 -47 14 46 -88 -79 -74 20 73 -70 52 -17
-83 -34 -68 87 -40 -57 33 71 31 -1 97 -2 -73 -90 61 68 -86 -52 100 60 52 50 100 35 26 7 -39 -99 85 56 94 15 66 -88 21 -98 68 54 54 22 -18 -68 36 -32 98 -13 -58 -37 -91 -83 -99 17 56 86 -4 -95 -22 86 -59 -66 -44 -27 93 87 -89 38 43 46 45 29 -40 -64
8 49 -87 71 -56 -17 -73 91 -15 24 -45 67 -53 26 -58 58 95 6 -72 1 32 -7 16 -63 49 44 -75 23 -16 92 -45 45 -40 45 55 81 35 20 -59 35 81 -52 86 -39 9 -9 -22 88 9 85 59 75 89 23 -72 -54 -26 10 53 -85 -37 -76 -40 75 -31 23 -16 -33 24 -70 -57
-60 -70 -42 -36 -62 -83 33 -10 -50 -65 36 40 29 -72 22 -10 33 -17 84 38 1 -87 -50 35 28 29 -81 -7 -92 -87 -44 43 -59 -44 -9 -30 -10 16 71 83 68 -69 82 -75 86 37 20 48 31 -17 3 -51 4 -60 20 54 19 -44 -53 56 100 29 -52 -87 6 49 -96 -36 69 -81
-89 -6 -62 7 97 99 65 78 -64 68 -71 -51 -45 23 -69 78 68 72 -33 93 -67 -100 2 99 -79 83 -93 -10 34 29 -12 33 26 -15 22 81 34 -49 25 77 -11 -99 -6 -85 32 2 -92 -81 18 -7 -59 41 -62 64 -47 -35 -45 97 89 -2 -95 88 59 -35 -98 80 32 82 -98
65 -58 72 96 -25 35 96 -71 5 -56 68 -37 60 37 -28 11 -89 43 -68 99 60 -65 -25 -53 80 69 86 54 -41 -18 44 29 44 -15 -14 -29 -99 72 -83 -50 -78 -96 -41 -10 56 -26 -97 88 -49 -93 -74 33 -82 -8 75 9 65 75 30 19 -87 26 -73 -64 -56 44 -27 -92
-97 77 -90 86 50 39 80 3 32 34 -31 67 -88 94 -65 70 17 -23 -86 -96 92 73 -6 -40 42 -72 70 55 60 95 8 -36 -66 -23 -20 -71 35 90 51 -61 -35 25 81 4 -37 -23 31 49 -75 -78 -18 28 51 52 -74 -93 -36 63 -36 -5 65 68 28 27 14 -95 -64
-26 -69 60 -95 -53 -10 53 -85 -55 -22 -42 -10 17 13 -18 55 -50 79 -66 87 55 50 -2 -16 -96 -48 71 -14 -27 -21 -68 46 18 -28 13 -99 18 52 -38 -68 -18 9 36 91 -54 10 -23 30 -40 -44 24 -56 -49 91 -71 60 -93 96 -32 54 -19 92 -57 -40 -45 92
50 -80 0 25 -62 -54 91 31 -31 -64 81 13 45 -65 78 -49 -46 90 -41 27 -33 -90 25 -25 42 -84 81 -13 39 -73 -24 -59 33 18 29 39 -24 62 21 55 40 67 53 -43 -20 -25 54 74 -78 -91 -74 71 99 24 -46 -41 95 41 -4 -44 -5 -65 -67 -7 87
-27 22 -34 54 -52 -54 -55 41 92 -47 16 48 67 50 88 59 54 20 47 -48 -81 45 -62 -7 -59 38 -5 22 51 -50 30 92 -86 9 -1 -67 57 28 70 86 39 58 52 -52 19 -57 -51 92 54 88 -85 -18 92 98 13 89 -63 -30 48 5 -25 20 79 -45
74 -15 -32 -2 -14 -54 -27 67 91 54 -40 -37 23 -51 -43 -79 53 -66 -24 -41 -93 89 -59 69 45 56 21 56 3 23 16 -72 -12 58 65 -95 -70 -91 -86 -42 89 -37 -79 -24 76 84 -73 -50 -3 12 -1 21 74 95 -92 49 -79 -27 -50 99 -9 74 79
-24 -82 90 -39 -14 32 21 22 -70 -15 47 -36 85 -19 50 -42 90 97 88 -45 -85 -29 -100 8 0 74 -18 -92 -42 97 70 -15 -24 -79 72 -34 80 58 14 -46 11 -68 49 -11 86 -97 13 -27 52 16 71 19 67 72 -4 -67 -81 -27 -95 -97 3 11
-97 -81 -84 -83 1 4 -46 33 37 -99 -71 88 -2 38 48 -82 81 -30 74 -55 -43 83 -41 -1 -8 28 34 90 -41 44 30 16 -40 -54 -66 -83 87 16 48 66 -45 61 -41 51 25 -28 -56 -52 -46 -81 61 87 -34 79 90 39 -38 -77 6 -36 16
-63 16 -9 91 -39 -96 -48 95 -38 29 -70 -49 -24 1 -21 -67 26 -95 -90 -35 34 51 11 11 -75 86 47 -44 14 -16 34 65 54 -59 -52 -21 43 -40 45 63 62 52 -44 -73 50 -60 -52 -77 -84 -49 68 -73 -72 -87 9 40 96 -4 -73 -5
89 5 75 -76 45 -51 -40 -6 -37 77 12 2 -36 89 97 29 49 0 60 -23 89 84 71 -54 -45 48 -5 -4 -87 49 -39 -80 70 2 -49 -9 64 -29 59 57 -23 -65 3 40 -10 53 76 -87 -13 32 -1 -49 -53 -64 -52 51 -91 20 -36
-79 90 -70 -13 -86 33 56 -33 -52 39 -51 -74 -38 -95 -74 -93 93 -88 -1 -9 -67 -76 61 57 10 38 39 9 -14 -72 36 -71 -15 12 -54 48 79 20 76 86 -77 -44 -80 -16 30 70 74 -73 50 -38 -16 -46 85 -97 -36 98 78 -14
-82 70 88 -38 82 77 33 20 -6 27 -4 -83 29 30 -80 43 -14 10 28 54 -49 19 -6 -75 46 -70 56 55 47 -71 89 -75 95 -13 -38 -88 -66 -41 9 61 -76 62 -7 -43 59 -66 -14 -4 -64 23 -57 59 90 49 8 -83 -75
-66 22 68 44 8 -38 -26 6 100 48 57 -30 -58 26 89 46 -32 -33 -1 30 -37 -20 78 -38 6 -43 46 -97 -80 13 100 36 -49 -90 80 48 -77 -74 -90 27 64 50 -84 -60 26 -57 -72 52 71 66 52 4 -72 -84 31 -79
-55 -78 43 -59 -70 -33 89 -48 -100 12 -70 62 75 99 60 -41 21 45 77 39 -1 -37 -11 84 -84 10 -57 -81 60 -24 63 -29 98 -29 79 -87 -80 51 30 -90 -89 47 -73 19 -59 41 6 -56 23 -42 52 -42 -8 -37 -27
21 -2 18 12 -19 -71 -32 73 -60 -26 -54 -85 2 49 17 -19 63 28 -39 -4 3 17 2 86 -15 -47 -78 -90 -30 -94 77 -69 -95 30 -17 -16 -41 49 98 86 35 -46 -33 15 -97 88 -48 -17 -46 -66 17 -97 6 71
-42 -42 10 -26 -96 79 -31 -35 39 -89 41 78 83 -32 90 -6 17 75 5 -13 34 75 24 92 -44 56 -75 25 22 68 79 9 -46 35 94 26 -67 47 76 99 -6 18 1 58 51 71 78 58 -22 -67 22 10 62
69 -76 -9 2 9 -10 12 97 23 2 7 -5 -97 43 78 -23 -88 96 88 -89 -89 44 -52 -31 -54 -84 52 81 70 -15 30 54 -91 37 -19 -85 81 -67 96 70 90 -66 61 -14 4 -1 77 -91 -15 -83 12 19
-26 94 44 -45 37 52 19 40 49 -90 72 61 -44 -39 42 94 -4 28 -46 -87 -33 84 17 52 49 35 62 -23 -20 -94 -12 -31 -33 65 -9 69 53 13 29 -71 9 31 -65 -24 54 -8 -49 81 -32 -6 -100
71 -58 -11 34 -85 -74 -5 37 -34 -39 -52 57 75 -40 -87 11 76 -5 -54 -50 -30 82 -91 100 -23 56 -89 84 12 49 82 81 -89 86 31 -53 71 -75 28 -84 -2 -54 45 58 21 -45 -16 -80 -82 44
75 -27 79 98 35 30 -13 -5 22 -24 -7 -89 -2 -98 34 -22 -38 -72 -45 52 89 -75 -50 -52 96 -54 -46 64 -94 -57 65 45 83 52 -55 6 7 15 -49 -50 -7 51 31 98 40 -79 -36 40 -52
-69 -33 -13 68 -73 -60 -50 83 91 60 26 -49 68 44 -64 -96 -5 77 -61 97 -94 -14 -75 39 -57 11 79 0 -6 -71 -97 -8 30 66 3 -50 -38 -92 45 -47 -17 34 25 1 -54 -24 68 -68
97 -61 -89 -57 -69 38 -66 -61 -3 61 70 -64 -73 20 63 -98 47 3 -41 79 82 20 97 14 -80 -35 24 40 -79 68 -23 43 33 -18 -68 -22 26 27 -16 99 95 -11 -28 85 28 -31 -56
59 -69 -18 21 61 -62 -48 -84 -19 -70 14 -47 -92 9 -6 -95 -33 0 39 -67 11 -9 -11 41 39 -99 -33 1 -48 92 24 -50 7 -18 71 -70 48 27 92 -15 -50 7 -9 3 8 -100
-17 -80 37 40 61 84 24 8 53 -3 -33 -100 -4 97 51 -15 -82 -90 -74 36 94 53 -49 80 12 88 -15 36 73 -66 -22 93 76 96 -70 62 -39 -47 -33 -22 70 64 -51 85 -36
-63 90 -7 18 14 6 -5 85 91 -48 44 -14 92 -27 -16 22 -26 -29 99 -6 -82 -17 -20 -52 14 36 -20 -83 -93 -96 38 84 26 14 -27 85 98 61 -84 -66 54 -4 59 -42
59 -9 94 63 28 -63 21 1 52 55 -100 63 87 4 -99 33 20 -71 -83 -78 -1 -65 41 71 -53 -25 59 67 32 3 71 -62 93 -84 96 1 85 -46 89 -58 -63 -13 74
61 52 14 87 -31 89 -23 -81 55 96 -90 -69 -54 38 33 -60 98 0 -3 -11 -38 21 91 -84 36 56 -18 46 -12 98 44 -3 -66 -18 20 54 100 72 -44 -16 89 55
22 63 77 93 -59 -77 90 89 54 -59 -72 21 -6 72 5 -98 69 -58 -18 -47 47 73 84 72 -45 -12 -67 -91 -69 34 48 -61 42 38 -97 52 -67 -13 33 -50 78
9 62 50 89 -8 5 63 -6 -43 74 23 27 -62 11 16 70 90 81 17 -28 -27 1 58 25 0 -99 -89 27 89 8 96 28 -68 17 -38 44 -36 38 95 36
55 72 -90 20 64 32 16 -65 10 -84 86 32 10 -82 15 -97 -37 90 46 84 -44 -6 -21 -81 11 92 34 -61 -93 75 -50 -12 -63 -30 27 40 -87 100 -71
39 -43 -21 64 54 -54 91 -89 73 72 5 -50 66 -62 -12 -72 57 49 -58 -53 15 -37 -43 31 39 58 40 87 -69 53 18 95 -30 -63 -65 -90 38 -62
20 21 59 -67 67 -18 32 -58 -81 42 96 -66 -6 57 -86 51 47 -39 53 72 5 96 89 -90 72 13 -66 -46 -6 -11 -85 -40 -60 11 76 81 55
-57 -19 68 56 87 -83 -95 91 -97 42 -79 83 -69 63 45 4 -93 -71 79 -67 -89 35 -64 63 69 62 27 -42 57 -32 28 16 67 -27 82 -37
38 -73 13 15 75 75 92 37 -34 -21 -11 -25 -7 -77 -96 21 -27 -27 68 96 2 100 -88 79 -91 83 -62 91 -36 87 -31 -7 -11 -32 -40
-82 79 -32 7 85 -60 35 -49 50 -34 10 56 14 11 -24 5 -6 -58 86 -56 -44 3 -51 32 100 -56 72 95 -12 91 44 -74 72 13
-89 -73 -22 65 68 -12 38 77 7 -28 64 -76 50 38 62 -12 -92 -79 -54 93 36 13 10 -16 -69 26 -32 56 -43 85 42 1 -91
73 77 14 76 78 -8 44 35 -94 45 -40 61 31 -27 -44 82 57 -17 -75 -1 -92 -8 51 -3 87 -33 100 -19 56 13 -34 59
-7 0 41 -4 -22 -88 -49 97 42 38 -9 91 54 -74 58 81 89 -21 -37 39 51 -43 -24 15 79 57 49 73 71 8 -35
-92 -46 -29 -44 71 61 -11 89 -80 -35 -27 36 44 33 -50 55 37 36 0 -24 45 -44 8 95 -80 -11 -87 18 -92 -96
-2 -91 70 -37 77 89 -7 95 -36 -44 -35 -98 -46 35 -8 -50 68 14 -100 -68 70 21 -83 31 -40 -75 -60 -18 -10
-50 -57 22 25 91 54 -92 -24 28 67 -71 0 50 -62 -62 34 86 88 -42 -15 -30 -31 -27 2 -91 -78 69 92
-56 72 24 44 19 -58 54 -82 23 -59 17 4 48 73 -81 -28 83 78 38 97 -28 -38 -84 87 -32 -45 -24
-93 -83 -43 34 81 -16 52 -84 92 85 36 32 91 79 -94 -29 94 -90 -42 77 8 20 79 46 -60 -80
-20 -15 73 -84 86 -43 -19 -62 4 78 60 -24 -54 -30 -26 29 -61 58 46 84 98 -53 11 13 92
49 -45 82 -81 -85 -99 -46 83 61 -30 87 15 -62 28 -23 9 69 -28 48 5 -1 -6 34 46
65 -25 -59 -94 22 -19 -22 -76 53 -8 -87 10 41 -77 -98 25 71 94 -7 61 92 88 0
-63 4 -92 -90 37 -55 96 86 65 -15 -43 7 -81 -48 -37 13 -46 27 -9 -46 -80 44
-3 26 -32 39 -42 65 44 70 -89 -15 -93 66 40 7 -1 -38 -49 18 -26 75 -76
93 -35 -84 78 -5 -52 13 -88 -57 -34 -38 28 31 82 -89 -78 42 -42 67 -10
-24 -43 -86 6 37 -65 -48 57 77 8 -17 80 44 -2 85 -1 -16 81 -19
64 37 10 99 -71 40 -98 98 -9 -19 44 -11 54 4 -43 -47 -26 -50
81 -60 -59 -65 67 88 78 62 -53 -48 43 76 72 88 -23 -12 -23
-15 21 -63 87 -61 -59 -52 -19 -18 96 -6 -32 -49 19 -66 14
-43 -21 -68 -40 52 94 48 83 -40 65 53 -30 -16 46 100
77 -85 -21 91 17 -18 64 28 11 74 38 56 24 -52
17 57 75 -56 9 75 54 18 -4 -8 -23 -72 -98
-69 -48 52 -18 -83 -98 36 87 46 -37 -44 -1
-73 61 -76 28 -49 54 50 -23 39 51 -89
-89 -65 51 9 -43 75 32 14 50 20
5 56 -46 65 -40 -40 -87 100 81
-32 -25 28 -20 -72 72 -85 7
70 -36 -9 -61 100 35 -53
43 40 -40 -15 -24 67
92 -45 65 80 74
73 -47 72 11
-1 42 -7
53 -66
-23